100
758 85
740 92
2 50
446 2
1000 1
451 5
1000 98
635 54
824 54
2 98
1000 97
918 38
2 5
109 76
950 63
362 76
755 11
1000 96
312 23
2 1
551 71
270 26
808 71
252 96
885 57
1000 5
958 86
81 39
319 10
793 69
2 97
838 46
245 99
684 94
616 91
712 1
29 97
1000 99
728 33
2 4
124 68
659 89
950 95
226 22
537 11
2 3
295 30
204 41
1000 95
177 61
239 20
289 65
921 39
492 12
2 99
1000 2
633 94
839 51
387 98
500 44
2 2
320 75
398 61
373 46
424 35
981 68
440 28
915 30
452 71
642 34
906 56
2 95
397 40
2 96
555 27
30 46
871 75
115 64
13 37
835 62
959 86
494 92
970 99
93 3
246 78
565 89
289 48
1000 4
748 77
484 74
413 35
432 88
3 10
355 11
875 93
1000 3
924 39
582 60
61 39
758 96
